# unix_time, cycles_done, cur_path, paths_total, pending_total, pending_favs, map_size, unique_crashes, unique_hangs, max_depth, execs_per_sec
1614309528, 0, 0, 1, 1, 1, 0.01%, 0, 0, 1, 421.05
1614309533, 0, 0, 7, 7, 1, 0.48%, 0, 0, 2, 303.85
1614309589, 0, 0, 8, 8, 1, 0.66%, 0, 0, 2, 268.87
1614309599, 0, 0, 9, 9, 1, 0.77%, 0, 0, 2, 288.30
1614309615, 0, 0, 10, 10, 1, 0.82%, 0, 0, 2, 266.31
1614309640, 0, 0, 11, 11, 1, 0.88%, 0, 0, 2, 283.09
1614309656, 0, 3, 11, 10, 5, 0.88%, 0, 0, 2, 271.51
1614309661, 0, 7, 18, 16, 4, 1.02%, 0, 0, 3, 288.99
1614309666, 0, 7, 19, 17, 4, 1.02%, 0, 0, 3, 280.85
1614309676, 0, 8, 26, 23, 10, 1.15%, 0, 0, 3, 283.91
1614309686, 0, 9, 28, 24, 15, 1.15%, 0, 0, 3, 311.36
1614309691, 0, 9, 30, 26, 15, 1.15%, 0, 0, 3, 281.00
1614309696, 0, 9, 32, 28, 15, 1.23%, 0, 0, 3, 265.25
1614309702, 0, 9, 35, 31, 15, 1.42%, 0, 0, 3, 276.28
1614309717, 0, 9, 36, 32, 15, 1.42%, 0, 0, 3, 266.40
1614309732, 0, 9, 37, 33, 15, 1.42%, 0, 0, 3, 265.09
1614309737, 0, 9, 39, 35, 15, 1.42%, 0, 0, 3, 280.73
1614309747, 0, 9, 40, 36, 15, 1.42%, 0, 0, 3, 279.20
1614309752, 0, 9, 41, 37, 15, 1.51%, 0, 0, 3, 279.25
1614309809, 0, 11, 43, 38, 18, 1.51%, 0, 0, 3, 268.89
1614309819, 0, 12, 43, 37, 17, 1.51%, 0, 0, 3, 280.91
1614309824, 0, 13, 44, 37, 16, 1.51%, 0, 0, 4, 274.97
1614309834, 0, 15, 44, 36, 15, 1.51%, 0, 0, 4, 284.43
1614309840, 0, 19, 44, 34, 13, 1.51%, 0, 0, 4, 297.04
1614309850, 0, 20, 45, 34, 12, 1.51%, 0, 0, 4, 285.46
1614309855, 0, 20, 47, 36, 12, 1.51%, 0, 0, 4, 281.15
1614309865, 0, 20, 48, 37, 12, 1.51%, 0, 0, 4, 49.14
1614309911, 0, 21, 48, 36, 11, 1.51%, 0, 0, 4, 281.33
1614309917, 0, 22, 48, 35, 10, 1.51%, 0, 0, 4, 293.23
1614309922, 0, 23, 48, 34, 9, 1.51%, 0, 0, 4, 288.10
1614309927, 0, 23, 49, 35, 9, 1.51%, 0, 0, 4, 283.27
1614309932, 0, 24, 49, 34, 8, 1.51%, 0, 0, 4, 277.42
1614309937, 0, 25, 52, 36, 7, 1.53%, 0, 0, 4, 292.68
1614309942, 0, 25, 53, 37, 7, 1.53%, 0, 0, 4, 264.61
1614309947, 0, 31, 55, 38, 8, 1.57%, 0, 0, 4, 298.57
1614309952, 0, 31, 56, 39, 8, 1.57%, 0, 0, 4, 282.18
1614309957, 0, 31, 59, 42, 8, 1.66%, 0, 0, 4, 279.96
1614309962, 0, 31, 60, 43, 8, 1.66%, 0, 0, 4, 282.14
1614310013, 0, 31, 61, 44, 8, 1.66%, 0, 0, 4, 261.81
1614310060, 0, 31, 62, 45, 8, 1.77%, 0, 0, 4, 276.60
1614310075, 0, 32, 66, 48, 9, 1.84%, 0, 0, 4, 274.15
1614310080, 0, 32, 67, 49, 9, 1.90%, 0, 0, 4, 292.93
1614310090, 0, 32, 70, 52, 9, 1.90%, 0, 0, 4, 268.33
1614310095, 0, 32, 73, 55, 9, 1.90%, 0, 0, 4, 275.00
1614310101, 0, 32, 74, 56, 9, 1.90%, 0, 0, 4, 252.33
1614310116, 0, 32, 75, 57, 9, 1.90%, 0, 0, 4, 278.32
1614310121, 0, 32, 76, 58, 9, 1.90%, 0, 0, 4, 274.69
1614310131, 0, 32, 77, 59, 9, 1.90%, 0, 0, 4, 274.49
1614310162, 0, 32, 78, 60, 9, 1.90%, 0, 0, 4, 273.69
1614310172, 0, 32, 79, 61, 9, 1.90%, 0, 0, 4, 279.92
1614310183, 0, 34, 79, 60, 12, 1.90%, 0, 0, 4, 286.19
1614310193, 0, 35, 79, 59, 11, 1.90%, 0, 0, 4, 304.88
1614310198, 0, 49, 81, 60, 10, 1.99%, 0, 0, 5, 293.39
1614310203, 0, 49, 82, 61, 10, 2.05%, 0, 0, 5, 275.55
1614310208, 0, 49, 83, 62, 10, 2.05%, 0, 0, 5, 273.20
1614310233, 0, 51, 85, 63, 10, 2.10%, 0, 0, 5, 291.54
1614310238, 0, 51, 86, 64, 10, 2.12%, 0, 0, 5, 272.90
1614310254, 0, 58, 88, 65, 10, 2.15%, 0, 0, 5, 337.44
1614310264, 0, 58, 90, 67, 10, 2.15%, 0, 0, 5, 276.50
1614310290, 0, 61, 94, 70, 11, 2.26%, 0, 0, 5, 302.81
1614310300, 0, 61, 98, 74, 11, 2.26%, 0, 0, 5, 276.85
1614310305, 0, 61, 99, 75, 11, 2.26%, 0, 0, 5, 272.19
1614310310, 0, 61, 100, 76, 11, 2.26%, 0, 0, 5, 275.10
1614310315, 0, 61, 102, 78, 11, 2.26%, 0, 0, 5, 273.65
1614310320, 0, 61, 103, 79, 11, 2.26%, 0, 0, 5, 269.55
1614310335, 0, 61, 104, 80, 11, 2.26%, 0, 0, 5, 281.17
1614310341, 0, 61, 105, 81, 11, 2.33%, 0, 0, 5, 278.00
1614310346, 0, 61, 106, 82, 11, 2.33%, 0, 0, 5, 274.29
1614310366, 0, 61, 107, 83, 11, 2.33%, 0, 0, 5, 278.95
1614310376, 0, 61, 109, 85, 11, 2.33%, 0, 0, 5, 269.75
1614310391, 0, 61, 110, 86, 11, 2.33%, 0, 0, 5, 257.47
1614310407, 0, 61, 112, 88, 11, 2.33%, 0, 0, 5, 265.38
1614310422, 0, 63, 115, 90, 13, 2.36%, 0, 0, 5, 278.63
