# unix_time, cycles_done, cur_path, paths_total, pending_total, pending_favs, map_size, unique_crashes, unique_hangs, max_depth, execs_per_sec
1614305932, 0, 0, 1, 1, 1, 0.01%, 0, 0, 1, 109.59
1614305937, 0, 0, 7, 7, 1, 0.34%, 0, 0, 2, 164.59
1614305942, 0, 0, 8, 8, 1, 0.35%, 0, 0, 2, 205.43
1614305973, 0, 0, 9, 9, 1, 0.37%, 0, 0, 2, 227.74
1614306003, 0, 0, 10, 10, 1, 0.39%, 0, 0, 2, 247.42
1614306055, 0, 0, 11, 11, 1, 0.39%, 0, 0, 2, 253.55
1614306070, 0, 4, 11, 9, 5, 0.39%, 0, 0, 2, 287.34
1614306075, 0, 6, 14, 11, 4, 0.39%, 1, 0, 3, 239.32
1614306085, 0, 6, 16, 13, 4, 0.39%, 1, 0, 3, 236.21
1614306090, 0, 6, 17, 14, 4, 0.39%, 1, 0, 3, 247.37
1614306100, 0, 6, 18, 15, 4, 0.39%, 1, 0, 3, 267.24
1614306110, 0, 6, 19, 16, 4, 0.39%, 1, 0, 3, 289.78
1614306141, 0, 6, 20, 17, 4, 0.39%, 1, 0, 3, 271.58
1614306207, 0, 7, 22, 18, 4, 0.42%, 2, 0, 3, 274.78
1614306212, 0, 8, 23, 18, 5, 0.43%, 3, 0, 3, 282.07
1614306217, 0, 9, 23, 17, 5, 0.43%, 3, 0, 3, 288.98
1614306222, 0, 12, 23, 16, 4, 0.43%, 3, 0, 3, 321.85
1614306227, 0, 20, 23, 15, 3, 0.43%, 3, 0, 3, 292.07
1614306232, 0, 21, 23, 14, 2, 0.43%, 3, 0, 3, 286.97
1614306243, 0, 22, 23, 13, 1, 0.43%, 3, 0, 3, 270.79
1614306248, 1, 12, 23, 12, 0, 0.43%, 3, 0, 3, 263.76
1614306253, 1, 19, 23, 12, 0, 0.43%, 4, 0, 3, 294.70
1614306258, 2, 1, 23, 11, 0, 0.43%, 4, 0, 3, 280.82
1614306263, 2, 8, 25, 13, 0, 0.43%, 5, 0, 3, 273.91
1614306268, 2, 10, 26, 14, 0, 0.45%, 6, 0, 3, 277.36
1614306273, 2, 10, 27, 15, 0, 0.47%, 7, 0, 3, 279.40
1614306278, 2, 15, 27, 14, 2, 0.47%, 7, 0, 3, 280.77
1614306288, 2, 25, 31, 17, 2, 0.50%, 7, 0, 4, 275.18
1614306293, 2, 25, 32, 18, 2, 0.50%, 8, 0, 4, 287.88
1614306298, 2, 25, 34, 20, 2, 0.51%, 8, 0, 4, 265.95
1614306303, 2, 25, 35, 21, 2, 0.51%, 8, 0, 4, 269.11
1614306319, 2, 25, 36, 22, 2, 0.51%, 8, 0, 4, 283.98
1614306329, 2, 25, 38, 24, 2, 0.51%, 8, 0, 4, 262.26
1614306334, 2, 25, 39, 25, 2, 0.51%, 8, 0, 4, 265.86
1614306354, 2, 25, 40, 26, 2, 0.51%, 8, 0, 4, 262.38
1614306410, 2, 25, 42, 28, 2, 0.51%, 8, 0, 4, 274.27
1614306420, 2, 26, 44, 29, 5, 0.54%, 9, 0, 4, 283.78
1614306425, 2, 26, 45, 30, 5, 0.54%, 9, 0, 4, 276.46
1614306436, 2, 26, 46, 31, 5, 0.54%, 9, 0, 4, 275.37
1614306456, 2, 28, 48, 32, 7, 0.54%, 10, 0, 5, 286.53
1614306471, 2, 28, 49, 33, 7, 0.54%, 10, 0, 5, 264.98
1614306477, 2, 28, 50, 34, 7, 0.54%, 10, 0, 5, 260.54
1614306482, 2, 28, 51, 35, 7, 0.54%, 10, 0, 5, 36.10
1614306497, 2, 28, 52, 36, 7, 0.54%, 10, 0, 5, 280.52
1614306589, 2, 29, 53, 36, 7, 0.54%, 10, 0, 5, 292.00
1614306600, 2, 29, 54, 37, 7, 0.54%, 10, 0, 5, 255.46
1614306630, 2, 33, 54, 36, 6, 0.54%, 11, 0, 5, 279.99
1614306645, 2, 33, 55, 37, 6, 0.54%, 11, 0, 5, 274.13
1614306660, 2, 33, 56, 38, 6, 0.54%, 11, 0, 5, 268.21
1614306701, 2, 33, 57, 39, 6, 0.54%, 11, 0, 5, 240.56
1614306706, 2, 33, 58, 40, 6, 0.54%, 11, 0, 5, 266.16
1614306711, 2, 39, 60, 41, 5, 0.54%, 13, 0, 5, 280.77
1614306716, 2, 39, 61, 42, 5, 0.54%, 13, 0, 5, 286.64
1614306742, 2, 39, 62, 43, 5, 0.54%, 13, 0, 5, 276.67
1614306768, 2, 39, 63, 44, 5, 0.54%, 13, 0, 5, 272.43
