# unix_time, cycles_done, cur_path, paths_total, pending_total, pending_favs, map_size, unique_crashes, unique_hangs, max_depth, execs_per_sec
1614308629, 0, 0, 1, 1, 1, 0.01%, 0, 0, 1, 1333.33
1614308634, 0, 0, 5, 5, 1, 0.31%, 0, 0, 2, 275.06
1614308649, 0, 1, 5, 4, 2, 0.31%, 0, 0, 2, 272.34
1614308654, 0, 2, 5, 3, 1, 0.31%, 0, 0, 2, 274.53
1614308659, 0, 3, 5, 2, 0, 0.31%, 0, 0, 2, 288.41
1614308669, 0, 4, 5, 1, 0, 0.31%, 0, 0, 2, 279.18
1614308675, 0, 4, 6, 2, 0, 0.31%, 0, 0, 3, 263.85
1614308680, 0, 5, 6, 1, 0, 0.31%, 0, 0, 3, 271.22
1614308690, 1, 2, 6, 0, 0, 0.31%, 0, 0, 3, 265.17
1614308695, 1, 5, 6, 0, 0, 0.31%, 0, 0, 3, 264.94
1614308700, 2, 3, 6, 0, 0, 0.31%, 0, 0, 3, 260.37
1614308705, 2, 4, 6, 0, 0, 0.31%, 0, 0, 3, 264.15
1614308710, 2, 5, 6, 0, 0, 0.31%, 0, 0, 3, 262.24
1614308715, 3, 2, 6, 0, 0, 0.31%, 0, 0, 3, 268.03
1614308720, 3, 3, 6, 0, 0, 0.31%, 0, 0, 3, 266.61
1614308725, 3, 5, 6, 0, 0, 0.31%, 0, 0, 3, 263.93
1614308730, 4, 0, 6, 0, 0, 0.31%, 0, 0, 3, 265.69
1614308735, 4, 3, 6, 0, 0, 0.31%, 0, 0, 3, 268.86
1614308740, 4, 4, 6, 0, 0, 0.31%, 0, 0, 3, 270.28
1614308745, 4, 5, 6, 0, 0, 0.31%, 0, 0, 3, 269.13
1614308750, 5, 2, 6, 0, 0, 0.31%, 0, 0, 3, 266.40
1614308756, 5, 4, 6, 0, 0, 0.31%, 0, 0, 3, 262.18
1614308761, 5, 5, 6, 0, 0, 0.31%, 0, 0, 3, 259.98
1614308766, 6, 2, 6, 0, 0, 0.31%, 0, 0, 3, 259.70
1614308771, 6, 3, 6, 0, 0, 0.31%, 0, 0, 3, 263.54
1614308776, 6, 4, 6, 0, 0, 0.31%, 0, 0, 3, 271.46
1614308781, 6, 5, 6, 0, 0, 0.31%, 0, 0, 3, 257.81
1614308786, 7, 3, 6, 0, 0, 0.31%, 0, 0, 3, 255.63
1614308792, 7, 4, 6, 0, 0, 0.31%, 0, 0, 3, 263.52
1614308797, 7, 5, 6, 0, 0, 0.31%, 0, 0, 3, 259.85
1614308802, 8, 2, 6, 0, 0, 0.31%, 0, 0, 3, 260.65
1614308807, 8, 3, 6, 0, 0, 0.31%, 0, 0, 3, 254.66
1614308812, 8, 4, 6, 0, 0, 0.31%, 0, 0, 3, 260.02
1614308817, 9, 0, 6, 0, 0, 0.31%, 0, 0, 3, 265.94
1614308822, 9, 3, 6, 0, 0, 0.31%, 0, 0, 3, 278.95
1614308827, 9, 4, 6, 0, 0, 0.31%, 0, 0, 3, 263.58
1614308832, 9, 5, 6, 0, 0, 0.31%, 0, 0, 3, 253.75
1614308837, 10, 2, 6, 0, 0, 0.31%, 0, 0, 3, 268.03
1614308843, 10, 3, 6, 0, 0, 0.31%, 0, 0, 3, 260.26
1614308848, 10, 4, 6, 0, 0, 0.31%, 0, 0, 3, 261.55
1614308853, 10, 5, 6, 0, 0, 0.31%, 0, 0, 3, 278.14
1614308858, 11, 2, 6, 0, 0, 0.31%, 0, 0, 3, 30.24
1614308863, 11, 4, 6, 0, 0, 0.31%, 0, 0, 3, 255.35
1614308873, 12, 1, 6, 0, 0, 0.31%, 0, 0, 3, 254.29
1614308878, 12, 3, 6, 0, 0, 0.31%, 0, 0, 3, 260.12
1614308883, 12, 4, 6, 0, 0, 0.31%, 0, 0, 3, 266.93
1614308888, 12, 5, 6, 0, 0, 0.31%, 0, 0, 3, 268.52
1614308894, 13, 2, 6, 0, 0, 0.31%, 0, 0, 3, 257.77
1614308899, 13, 3, 6, 0, 0, 0.31%, 0, 0, 3, 259.05
1614308904, 13, 5, 6, 0, 0, 0.31%, 0, 0, 3, 261.61
1614308909, 14, 1, 6, 0, 0, 0.31%, 0, 0, 3, 260.24
1614308914, 14, 3, 6, 0, 0, 0.31%, 0, 0, 3, 261.87
1614308919, 14, 4, 6, 0, 0, 0.31%, 0, 0, 3, 258.00
1614308924, 14, 5, 6, 0, 0, 0.31%, 0, 0, 3, 264.86
1614308929, 15, 2, 6, 0, 0, 0.31%, 0, 0, 3, 266.04
1614308934, 15, 4, 6, 0, 0, 0.31%, 0, 0, 3, 263.62
1614308939, 15, 5, 6, 0, 0, 0.31%, 0, 0, 3, 264.01
1614308945, 16, 2, 6, 0, 0, 0.31%, 0, 0, 3, 264.50
1614308950, 16, 3, 6, 0, 0, 0.31%, 0, 0, 3, 270.00
1614308955, 16, 5, 6, 0, 0, 0.31%, 0, 0, 3, 270.47
1614308960, 17, 1, 6, 0, 0, 0.31%, 0, 0, 3, 268.51
1614308965, 17, 3, 6, 0, 0, 0.31%, 0, 0, 3, 268.16
1614308970, 17, 4, 6, 0, 0, 0.31%, 0, 0, 3, 269.05
1614308975, 17, 5, 6, 0, 0, 0.31%, 0, 0, 3, 268.16
1614308980, 18, 2, 6, 0, 0, 0.31%, 0, 0, 3, 260.93
1614308985, 18, 3, 6, 0, 0, 0.31%, 0, 0, 3, 268.36
1614308990, 18, 5, 6, 0, 0, 0.31%, 0, 0, 3, 262.97
1614308995, 19, 1, 6, 0, 0, 0.31%, 0, 0, 3, 260.07
1614309000, 19, 3, 6, 0, 0, 0.31%, 0, 0, 3, 268.19
1614309005, 19, 4, 6, 0, 0, 0.31%, 0, 0, 3, 266.86
1614309011, 19, 5, 6, 0, 0, 0.31%, 0, 0, 3, 258.17
1614309016, 20, 2, 6, 0, 0, 0.31%, 0, 0, 3, 264.51
1614309021, 20, 4, 6, 0, 0, 0.31%, 0, 0, 3, 268.08
1614309026, 20, 5, 6, 0, 0, 0.31%, 0, 0, 3, 259.52
1614309031, 21, 2, 6, 0, 0, 0.31%, 0, 0, 3, 253.61
1614309036, 21, 3, 6, 0, 0, 0.31%, 0, 0, 3, 265.86
1614309041, 21, 4, 6, 0, 0, 0.31%, 0, 0, 3, 262.38
1614309046, 21, 5, 6, 0, 0, 0.31%, 0, 0, 3, 266.37
1614309051, 22, 2, 6, 0, 0, 0.31%, 0, 0, 3, 265.86
1614309056, 22, 4, 6, 0, 0, 0.31%, 0, 0, 3, 285.50
1614309062, 22, 5, 6, 0, 0, 0.31%, 0, 0, 3, 265.19
1614309067, 23, 1, 6, 0, 0, 0.31%, 0, 0, 3, 257.27
1614309072, 23, 3, 6, 0, 0, 0.31%, 0, 0, 3, 259.86
1614309077, 23, 4, 6, 0, 0, 0.31%, 0, 0, 3, 287.74
1614309082, 23, 5, 6, 0, 0, 0.31%, 0, 0, 3, 276.75
1614309087, 24, 2, 6, 0, 0, 0.31%, 0, 0, 3, 265.34
1614309092, 24, 4, 6, 0, 0, 0.31%, 0, 0, 3, 256.47
1614309098, 24, 5, 6, 0, 0, 0.31%, 0, 0, 3, 277.68
1614309103, 25, 2, 6, 0, 0, 0.31%, 0, 0, 3, 272.86
1614309108, 25, 3, 6, 0, 0, 0.31%, 0, 0, 3, 276.90
1614309113, 25, 4, 6, 0, 0, 0.31%, 0, 0, 3, 271.03
1614309118, 26, 0, 6, 0, 0, 0.31%, 0, 0, 3, 265.18
1614309123, 26, 3, 6, 0, 0, 0.31%, 0, 0, 3, 268.99
1614309128, 26, 4, 6, 0, 0, 0.31%, 0, 0, 3, 266.19
1614309133, 26, 5, 6, 0, 0, 0.31%, 0, 0, 3, 263.71
1614309139, 27, 2, 6, 0, 0, 0.31%, 0, 0, 3, 264.70
1614309144, 27, 4, 6, 0, 0, 0.31%, 0, 0, 3, 260.71
1614309149, 27, 5, 6, 0, 0, 0.31%, 0, 0, 3, 261.03
1614309154, 28, 2, 6, 0, 0, 0.31%, 0, 0, 3, 261.67
1614309159, 28, 3, 7, 1, 0, 0.31%, 0, 0, 3, 258.33
1614309164, 28, 4, 7, 1, 0, 0.31%, 0, 0, 3, 256.95
1614309169, 28, 6, 7, 1, 0, 0.31%, 0, 0, 3, 281.61
1614309215, 29, 2, 7, 0, 0, 0.31%, 0, 0, 3, 290.42
1614309220, 29, 3, 7, 0, 0, 0.31%, 0, 0, 3, 262.71
1614309225, 29, 4, 7, 0, 0, 0.31%, 0, 0, 3, 265.43
1614309230, 29, 6, 7, 0, 0, 0.31%, 0, 0, 3, 254.96
1614309235, 29, 6, 8, 1, 0, 0.31%, 0, 0, 4, 285.51
1614309256, 29, 7, 8, 1, 0, 0.31%, 0, 0, 4, 295.32
1614309302, 29, 7, 9, 2, 0, 0.31%, 0, 0, 5, 261.98
1614309352, 29, 8, 9, 1, 0, 0.31%, 0, 0, 5, 274.49
1614309439, 30, 3, 9, 0, 0, 0.31%, 0, 0, 5, 268.28
1614309444, 30, 5, 9, 0, 0, 0.31%, 0, 0, 5, 263.95
1614309449, 30, 6, 9, 0, 0, 0.31%, 0, 0, 5, 264.26
1614309459, 30, 7, 9, 0, 0, 0.31%, 0, 0, 5, 255.11
1614309485, 30, 8, 9, 0, 0, 0.31%, 0, 0, 5, 257.24
1614309505, 31, 2, 9, 0, 0, 0.31%, 0, 0, 5, 258.71
1614309510, 31, 3, 9, 0, 0, 0.31%, 0, 0, 5, 257.52
1614309515, 31, 5, 9, 0, 0, 0.31%, 0, 0, 5, 249.75
1614309520, 31, 6, 9, 0, 0, 0.31%, 0, 0, 5, 262.07
