# unix_time, cycles_done, cur_path, paths_total, pending_total, pending_favs, map_size, unique_crashes, unique_hangs, max_depth, execs_per_sec
1614310427, 0, 0, 1, 1, 1, 0.01%, 0, 0, 1, 1600.00
1614310432, 0, 0, 5, 5, 1, 0.44%, 0, 0, 2, 243.71
1614310447, 0, 3, 5, 3, 1, 0.44%, 0, 0, 2, 286.91
1614310452, 0, 4, 5, 2, 0, 0.44%, 0, 0, 2, 295.70
1614310458, 0, 4, 6, 3, 0, 0.44%, 0, 0, 3, 9.50
1614310468, 0, 5, 6, 2, 0, 0.44%, 0, 0, 3, 297.14
1614310479, 1, 2, 6, 1, 0, 0.44%, 0, 0, 3, 285.55
1614310484, 1, 3, 6, 0, 0, 0.44%, 0, 0, 3, 286.05
1614310489, 2, 2, 6, 0, 0, 0.44%, 0, 0, 3, 274.07
1614310494, 2, 4, 6, 0, 0, 0.44%, 0, 0, 3, 278.13
1614310499, 2, 5, 6, 0, 0, 0.44%, 0, 0, 3, 276.02
1614310504, 3, 2, 7, 1, 0, 0.47%, 0, 0, 3, 277.84
1614310509, 3, 6, 7, 1, 1, 0.47%, 0, 0, 3, 284.78
1614310524, 4, 2, 7, 0, 0, 0.47%, 0, 0, 3, 272.25
1614310529, 4, 4, 7, 0, 0, 0.47%, 0, 0, 3, 275.47
1614310534, 4, 5, 8, 1, 0, 0.47%, 0, 0, 4, 283.02
1614310539, 4, 6, 9, 2, 0, 0.61%, 0, 0, 4, 282.95
1614310544, 4, 8, 11, 4, 1, 0.65%, 0, 0, 5, 286.77
1614310550, 4, 8, 13, 6, 1, 0.74%, 0, 0, 5, 274.96
1614310600, 4, 8, 14, 7, 1, 0.74%, 0, 0, 5, 273.10
1614310610, 4, 8, 15, 8, 1, 0.74%, 0, 0, 5, 282.39
1614310656, 4, 9, 15, 7, 4, 0.74%, 0, 0, 5, 270.79
1614310692, 4, 10, 15, 6, 3, 0.74%, 0, 0, 5, 231.08
1614310723, 4, 10, 16, 7, 3, 0.99%, 0, 0, 6, 281.96
1614310759, 4, 10, 18, 9, 3, 1.08%, 0, 0, 6, 271.07
1614310764, 4, 10, 22, 13, 3, 1.13%, 0, 0, 6, 273.51
1614310769, 4, 10, 27, 18, 3, 1.22%, 0, 0, 6, 262.12
1614310774, 4, 10, 31, 22, 3, 1.25%, 0, 0, 6, 268.63
1614310779, 4, 11, 31, 21, 8, 1.25%, 0, 0, 6, 285.00
1614310795, 4, 11, 32, 22, 8, 1.25%, 0, 0, 6, 271.94
1614310841, 4, 11, 33, 23, 8, 1.27%, 0, 0, 6, 277.53
1614310906, 4, 11, 36, 26, 8, 1.28%, 0, 0, 6, 272.11
1614310912, 4, 11, 42, 32, 8, 1.30%, 0, 0, 6, 265.17
1614310922, 4, 15, 42, 31, 11, 1.30%, 0, 0, 6, 284.08
1614310927, 4, 15, 44, 33, 11, 1.30%, 0, 0, 7, 292.10
1614310988, 4, 15, 45, 34, 11, 1.30%, 0, 0, 7, 267.85
1614310994, 4, 15, 46, 35, 11, 1.30%, 0, 0, 7, 272.12
1614311004, 4, 17, 50, 38, 10, 1.67%, 0, 0, 7, 291.87
1614311040, 4, 17, 51, 39, 10, 1.67%, 0, 0, 7, 269.33
1614311085, 4, 20, 51, 38, 11, 1.67%, 0, 0, 7, 293.06
1614311095, 4, 20, 52, 39, 11, 1.69%, 0, 0, 7, 275.51
1614311111, 4, 20, 53, 40, 11, 1.69%, 0, 0, 7, 272.08
1614311116, 4, 20, 54, 41, 11, 1.72%, 0, 0, 7, 277.24
1614311162, 4, 20, 55, 42, 11, 1.72%, 0, 0, 7, 267.34
1614311223, 4, 20, 58, 45, 11, 1.85%, 0, 0, 7, 266.94
1614311228, 4, 27, 58, 44, 13, 1.85%, 0, 0, 7, 289.33
1614311248, 4, 27, 59, 45, 13, 1.85%, 0, 0, 7, 269.72
1614311299, 4, 27, 63, 49, 13, 1.94%, 0, 0, 7, 274.59
1614311309, 4, 27, 68, 54, 13, 1.94%, 0, 0, 7, 263.07
1614311314, 4, 27, 69, 55, 13, 1.94%, 0, 0, 7, 268.46
1614311319, 4, 30, 71, 56, 13, 2.04%, 0, 0, 7, 294.66
