# unix_time, cycles_done, cur_path, paths_total, pending_total, pending_favs, map_size, unique_crashes, unique_hangs, max_depth, execs_per_sec
1614307730, 0, 0, 1, 1, 1, 0.01%, 0, 0, 1, 222.22
1614307735, 0, 0, 7, 7, 1, 0.48%, 0, 0, 2, 258.67
1614307740, 0, 0, 8, 8, 1, 0.48%, 0, 0, 2, 269.22
1614307750, 0, 0, 9, 9, 1, 0.50%, 0, 0, 2, 267.13
1614307756, 0, 0, 11, 11, 1, 0.58%, 0, 0, 2, 261.19
1614307776, 0, 0, 12, 12, 1, 0.64%, 0, 0, 2, 275.95
1614307837, 0, 0, 13, 13, 1, 0.64%, 0, 0, 2, 260.83
1614307858, 0, 0, 13, 13, 1, 0.64%, 1, 0, 2, 258.84
1614307863, 0, 1, 13, 12, 7, 0.64%, 1, 0, 2, 265.65
1614307868, 0, 2, 14, 12, 6, 0.64%, 1, 0, 3, 274.43
1614307884, 0, 3, 14, 11, 5, 0.64%, 1, 0, 3, 34.42
1614307889, 0, 5, 14, 10, 4, 0.64%, 1, 0, 3, 286.80
1614307895, 0, 8, 16, 11, 3, 0.71%, 1, 0, 3, 270.01
1614307900, 0, 8, 19, 14, 3, 0.77%, 1, 0, 3, 260.23
1614307920, 0, 8, 21, 16, 3, 0.82%, 1, 0, 3, 253.36
1614307925, 0, 8, 22, 17, 3, 0.84%, 1, 0, 3, 260.77
1614307991, 0, 10, 26, 20, 7, 0.90%, 1, 0, 3, 50.00
1614307996, 0, 11, 26, 19, 10, 0.90%, 1, 0, 3, 287.28
1614308001, 0, 11, 28, 21, 10, 0.90%, 1, 0, 3, 271.88
1614308007, 0, 11, 29, 22, 10, 0.90%, 1, 0, 3, 269.29
1614308017, 0, 11, 30, 23, 10, 0.90%, 1, 0, 3, 240.17
1614308027, 0, 11, 31, 24, 10, 0.90%, 1, 0, 3, 271.35
1614308043, 0, 11, 32, 25, 10, 0.95%, 1, 0, 3, 279.22
1614308058, 0, 11, 33, 26, 10, 0.95%, 1, 0, 3, 271.35
1614308104, 0, 11, 34, 27, 10, 1.05%, 1, 0, 3, 264.49
1614308124, 0, 14, 34, 26, 9, 1.05%, 1, 0, 3, 279.07
1614308129, 0, 18, 38, 29, 8, 1.26%, 2, 0, 4, 277.92
1614308135, 0, 18, 39, 30, 8, 1.26%, 2, 0, 4, 266.84
1614308140, 0, 18, 40, 31, 8, 1.26%, 2, 0, 4, 253.74
1614308145, 0, 18, 40, 31, 8, 1.26%, 3, 0, 4, 261.29
1614308150, 0, 21, 42, 32, 9, 1.31%, 3, 0, 4, 319.87
1614308155, 0, 22, 42, 31, 10, 1.31%, 3, 0, 4, 297.45
1614308160, 0, 23, 42, 30, 9, 1.31%, 3, 0, 4, 288.83
1614308165, 0, 25, 42, 29, 8, 1.31%, 4, 0, 4, 277.36
1614308170, 0, 25, 43, 30, 8, 1.31%, 4, 0, 4, 281.70
1614308176, 0, 31, 46, 32, 7, 1.43%, 7, 0, 4, 269.66
1614308181, 0, 31, 48, 34, 7, 1.44%, 9, 0, 4, 267.97
1614308186, 0, 33, 51, 36, 10, 1.48%, 9, 0, 4, 269.63
1614308191, 0, 33, 56, 41, 10, 1.61%, 10, 0, 4, 273.24
1614308196, 0, 33, 58, 43, 10, 1.61%, 10, 0, 4, 253.85
1614308206, 0, 34, 66, 50, 17, 1.75%, 11, 0, 5, 262.36
1614308212, 0, 34, 69, 53, 17, 1.86%, 11, 0, 5, 276.05
1614308217, 0, 34, 71, 55, 17, 1.86%, 11, 0, 5, 251.55
1614308222, 0, 34, 74, 58, 17, 1.86%, 11, 0, 5, 259.29
1614308227, 0, 34, 77, 61, 17, 1.86%, 11, 0, 5, 282.18
1614308232, 0, 34, 78, 62, 17, 1.86%, 11, 0, 5, 275.46
1614308248, 0, 34, 79, 63, 17, 1.86%, 11, 0, 5, 271.05
1614308253, 0, 34, 80, 64, 17, 1.86%, 11, 0, 5, 261.02
1614308298, 0, 34, 81, 65, 17, 1.86%, 11, 0, 5, 262.56
1614308304, 0, 34, 82, 66, 17, 1.86%, 11, 0, 5, 268.87
1614308309, 0, 34, 83, 67, 17, 1.86%, 11, 0, 5, 258.41
1614308334, 0, 34, 85, 69, 17, 1.86%, 11, 0, 5, 268.16
1614308339, 0, 35, 85, 68, 22, 1.86%, 11, 0, 5, 251.00
1614308344, 0, 35, 86, 69, 22, 1.86%, 12, 0, 5, 313.08
1614308354, 0, 35, 87, 70, 22, 1.86%, 12, 0, 5, 279.50
1614308370, 0, 35, 88, 71, 22, 1.86%, 12, 0, 5, 256.85
1614308385, 0, 35, 89, 72, 22, 1.86%, 12, 0, 5, 256.13
1614308405, 0, 35, 90, 73, 22, 1.86%, 12, 0, 5, 265.21
1614308410, 0, 35, 91, 74, 22, 1.86%, 12, 0, 5, 256.00
1614308451, 0, 35, 92, 75, 22, 1.86%, 12, 0, 5, 236.15
1614308472, 0, 37, 93, 75, 20, 1.87%, 13, 0, 5, 271.90
1614308477, 0, 37, 94, 76, 20, 1.88%, 13, 0, 5, 284.27
1614308482, 0, 37, 95, 77, 20, 1.88%, 13, 0, 5, 274.39
1614308487, 0, 37, 96, 78, 20, 1.88%, 13, 0, 5, 267.98
1614308492, 0, 37, 97, 79, 20, 1.88%, 13, 0, 5, 258.92
1614308523, 0, 37, 98, 80, 20, 1.88%, 13, 0, 5, 249.10
1614308538, 0, 37, 99, 81, 20, 1.88%, 13, 0, 5, 259.54
1614308548, 0, 37, 100, 82, 20, 1.89%, 13, 0, 5, 260.97
1614308599, 0, 37, 101, 83, 20, 1.89%, 13, 0, 5, 265.13
1614308604, 0, 40, 101, 82, 22, 1.89%, 13, 0, 5, 267.83
1614308614, 0, 41, 101, 81, 21, 1.89%, 13, 0, 5, 275.83
1614308624, 0, 43, 103, 82, 20, 1.90%, 13, 0, 5, 277.14
