# unix_time, cycles_done, cur_path, paths_total, pending_total, pending_favs, map_size, unique_crashes, unique_hangs, max_depth, execs_per_sec
1614306831, 0, 0, 1, 1, 1, 0.01%, 0, 0, 1, 1600.00
1614306836, 0, 0, 5, 5, 1, 0.37%, 0, 0, 2, 252.06
1614306841, 0, 0, 6, 6, 1, 0.37%, 0, 0, 2, 261.16
1614306866, 0, 1, 6, 5, 3, 0.37%, 0, 0, 2, 259.82
1614306871, 0, 2, 7, 5, 2, 0.40%, 0, 0, 3, 277.97
1614306876, 0, 3, 7, 4, 2, 0.40%, 0, 0, 3, 269.62
1614306887, 0, 6, 9, 5, 1, 0.42%, 0, 0, 4, 279.71
1614306902, 0, 7, 9, 4, 1, 0.42%, 0, 0, 4, 264.25
1614306907, 0, 7, 10, 5, 1, 0.42%, 0, 0, 5, 269.03
1614306912, 0, 7, 11, 6, 1, 0.42%, 0, 0, 5, 265.94
1614306917, 0, 7, 13, 8, 1, 0.57%, 0, 0, 5, 271.54
1614306978, 0, 7, 14, 9, 1, 0.60%, 0, 0, 5, 264.55
1614306994, 0, 11, 18, 12, 3, 0.72%, 0, 0, 6, 259.58
1614307004, 0, 11, 21, 15, 3, 0.72%, 0, 0, 6, 260.96
1614307009, 0, 11, 22, 16, 3, 0.72%, 0, 0, 6, 261.84
1614307024, 0, 11, 23, 17, 3, 0.72%, 0, 0, 6, 261.92
1614307029, 0, 11, 24, 18, 3, 0.72%, 0, 0, 6, 258.17
1614307054, 0, 11, 25, 19, 3, 0.72%, 0, 0, 6, 251.88
1614307080, 0, 11, 26, 20, 3, 0.72%, 0, 0, 6, 254.54
1614307095, 0, 14, 26, 19, 4, 0.72%, 0, 0, 6, 284.00
1614307105, 0, 14, 27, 20, 4, 0.72%, 0, 0, 7, 270.56
1614307116, 0, 15, 28, 20, 3, 0.74%, 0, 0, 7, 286.65
1614307126, 0, 16, 28, 19, 3, 0.74%, 0, 0, 7, 274.24
1614307136, 0, 17, 30, 20, 2, 0.87%, 0, 0, 7, 277.53
1614307151, 0, 17, 31, 21, 2, 0.87%, 0, 0, 7, 253.70
1614307162, 0, 17, 32, 22, 2, 0.87%, 0, 0, 7, 264.68
1614307172, 0, 17, 33, 23, 2, 0.89%, 0, 0, 7, 270.40
1614307177, 0, 17, 34, 24, 2, 0.89%, 0, 0, 7, 262.96
1614307263, 0, 27, 34, 23, 3, 0.89%, 0, 0, 7, 280.86
1614307269, 0, 27, 35, 24, 3, 0.89%, 0, 0, 8, 264.35
1614307274, 0, 27, 37, 26, 3, 0.89%, 0, 0, 8, 256.17
1614307310, 0, 27, 38, 27, 3, 0.89%, 0, 0, 8, 267.64
1614307392, 0, 27, 39, 28, 3, 0.92%, 0, 0, 8, 47.62
1614307397, 0, 29, 43, 31, 3, 0.94%, 0, 0, 8, 294.85
1614307402, 0, 29, 44, 32, 3, 1.03%, 0, 0, 8, 275.84
1614307407, 0, 29, 46, 34, 3, 1.03%, 0, 0, 8, 271.19
1614307417, 0, 29, 48, 36, 3, 1.03%, 0, 0, 8, 256.49
1614307422, 0, 29, 50, 38, 3, 1.03%, 0, 0, 8, 258.51
1614307427, 0, 29, 52, 40, 3, 1.03%, 0, 0, 8, 258.24
1614307432, 0, 29, 53, 41, 3, 1.03%, 0, 0, 8, 260.76
1614307442, 0, 29, 54, 42, 3, 1.03%, 0, 0, 8, 267.74
1614307447, 0, 29, 55, 43, 3, 1.03%, 0, 0, 8, 259.32
1614307463, 0, 29, 56, 44, 3, 1.03%, 0, 0, 8, 262.91
1614307498, 0, 32, 57, 44, 7, 1.03%, 0, 0, 8, 282.07
1614307503, 0, 32, 59, 46, 7, 1.05%, 0, 0, 8, 284.57
1614307508, 0, 32, 60, 47, 7, 1.05%, 0, 0, 8, 266.28
1614307518, 0, 32, 62, 49, 7, 1.05%, 0, 0, 8, 255.90
1614307529, 0, 32, 63, 50, 7, 1.05%, 0, 0, 8, 268.18
1614307534, 0, 32, 64, 51, 7, 1.05%, 0, 0, 8, 269.75
1614307539, 0, 32, 65, 52, 7, 1.05%, 0, 0, 8, 266.01
1614307554, 0, 32, 66, 53, 7, 1.05%, 0, 0, 8, 255.44
1614307595, 0, 32, 67, 54, 7, 1.05%, 0, 0, 8, 254.45
1614307636, 0, 38, 68, 54, 8, 1.08%, 0, 0, 9, 273.07
1614307641, 0, 38, 69, 55, 8, 1.08%, 0, 0, 9, 283.72
1614307651, 0, 38, 70, 56, 8, 1.08%, 0, 0, 9, 258.64
1614307656, 0, 38, 72, 58, 8, 1.08%, 0, 0, 9, 265.97
1614307672, 0, 38, 73, 59, 8, 1.08%, 0, 0, 9, 257.40
1614307677, 0, 38, 74, 60, 8, 1.08%, 0, 0, 9, 257.50
1614307682, 0, 38, 75, 61, 8, 1.08%, 0, 0, 9, 271.16
1614307708, 0, 38, 76, 62, 8, 1.08%, 0, 0, 9, 267.32
